{
 "cells": [
  {
   "cell_type": "code",
   "execution_count": 1,
   "metadata": {
    "collapsed": true
   },
   "outputs": [],
   "source": [
    "# Import packages\n",
    "import numpy as np\n",
    "import pandas as pd\n",
    "import matplotlib.pyplot as plt\n",
    "import seaborn as sns\n",
    "%matplotlib inline\n",
    "sns.set()"
   ]
  },
  {
   "cell_type": "code",
   "execution_count": 2,
   "metadata": {},
   "outputs": [
    {
     "data": {
      "text/html": [
       "<div>\n",
       "<style>\n",
       "    .dataframe thead tr:only-child th {\n",
       "        text-align: right;\n",
       "    }\n",
       "\n",
       "    .dataframe thead th {\n",
       "        text-align: left;\n",
       "    }\n",
       "\n",
       "    .dataframe tbody tr th {\n",
       "        vertical-align: top;\n",
       "    }\n",
       "</style>\n",
       "<table border=\"1\" class=\"dataframe\">\n",
       "  <thead>\n",
       "    <tr style=\"text-align: right;\">\n",
       "      <th></th>\n",
       "      <th>statusN</th>\n",
       "      <th>statusS</th>\n",
       "      <th>tempC</th>\n",
       "      <th>windspeedKmph</th>\n",
       "      <th>cond</th>\n",
       "      <th>precipMM</th>\n",
       "      <th>humidity</th>\n",
       "      <th>visibility</th>\n",
       "      <th>pressure</th>\n",
       "      <th>cloudcover</th>\n",
       "      <th>heatIndexC</th>\n",
       "      <th>dewPointC</th>\n",
       "      <th>windChillC</th>\n",
       "      <th>windGustKmph</th>\n",
       "      <th>feelsLikeC</th>\n",
       "    </tr>\n",
       "  </thead>\n",
       "  <tbody>\n",
       "    <tr>\n",
       "      <th>0</th>\n",
       "      <td>0.0</td>\n",
       "      <td>0.0</td>\n",
       "      <td>0.2</td>\n",
       "      <td>0.295455</td>\n",
       "      <td>0.631579</td>\n",
       "      <td>0.0</td>\n",
       "      <td>0.84058</td>\n",
       "      <td>1.0</td>\n",
       "      <td>0.758621</td>\n",
       "      <td>0.33</td>\n",
       "      <td>0.206897</td>\n",
       "      <td>0.538462</td>\n",
       "      <td>0.2</td>\n",
       "      <td>0.236111</td>\n",
       "      <td>0.206897</td>\n",
       "    </tr>\n",
       "    <tr>\n",
       "      <th>1</th>\n",
       "      <td>0.0</td>\n",
       "      <td>0.0</td>\n",
       "      <td>0.2</td>\n",
       "      <td>0.295455</td>\n",
       "      <td>0.631579</td>\n",
       "      <td>0.0</td>\n",
       "      <td>0.84058</td>\n",
       "      <td>1.0</td>\n",
       "      <td>0.758621</td>\n",
       "      <td>0.33</td>\n",
       "      <td>0.206897</td>\n",
       "      <td>0.538462</td>\n",
       "      <td>0.2</td>\n",
       "      <td>0.236111</td>\n",
       "      <td>0.206897</td>\n",
       "    </tr>\n",
       "    <tr>\n",
       "      <th>2</th>\n",
       "      <td>0.5</td>\n",
       "      <td>0.5</td>\n",
       "      <td>0.2</td>\n",
       "      <td>0.295455</td>\n",
       "      <td>0.631579</td>\n",
       "      <td>0.0</td>\n",
       "      <td>0.84058</td>\n",
       "      <td>1.0</td>\n",
       "      <td>0.758621</td>\n",
       "      <td>0.33</td>\n",
       "      <td>0.206897</td>\n",
       "      <td>0.538462</td>\n",
       "      <td>0.2</td>\n",
       "      <td>0.236111</td>\n",
       "      <td>0.206897</td>\n",
       "    </tr>\n",
       "    <tr>\n",
       "      <th>3</th>\n",
       "      <td>0.0</td>\n",
       "      <td>0.0</td>\n",
       "      <td>0.2</td>\n",
       "      <td>0.295455</td>\n",
       "      <td>0.631579</td>\n",
       "      <td>0.0</td>\n",
       "      <td>0.84058</td>\n",
       "      <td>1.0</td>\n",
       "      <td>0.758621</td>\n",
       "      <td>0.33</td>\n",
       "      <td>0.206897</td>\n",
       "      <td>0.538462</td>\n",
       "      <td>0.2</td>\n",
       "      <td>0.236111</td>\n",
       "      <td>0.206897</td>\n",
       "    </tr>\n",
       "    <tr>\n",
       "      <th>4</th>\n",
       "      <td>0.5</td>\n",
       "      <td>0.0</td>\n",
       "      <td>0.2</td>\n",
       "      <td>0.295455</td>\n",
       "      <td>0.631579</td>\n",
       "      <td>0.0</td>\n",
       "      <td>0.84058</td>\n",
       "      <td>1.0</td>\n",
       "      <td>0.758621</td>\n",
       "      <td>0.33</td>\n",
       "      <td>0.206897</td>\n",
       "      <td>0.538462</td>\n",
       "      <td>0.2</td>\n",
       "      <td>0.236111</td>\n",
       "      <td>0.206897</td>\n",
       "    </tr>\n",
       "  </tbody>\n",
       "</table>\n",
       "</div>"
      ],
      "text/plain": [
       "   statusN  statusS  tempC  windspeedKmph      cond  precipMM  humidity  \\\n",
       "0      0.0      0.0    0.2       0.295455  0.631579       0.0   0.84058   \n",
       "1      0.0      0.0    0.2       0.295455  0.631579       0.0   0.84058   \n",
       "2      0.5      0.5    0.2       0.295455  0.631579       0.0   0.84058   \n",
       "3      0.0      0.0    0.2       0.295455  0.631579       0.0   0.84058   \n",
       "4      0.5      0.0    0.2       0.295455  0.631579       0.0   0.84058   \n",
       "\n",
       "   visibility  pressure  cloudcover  heatIndexC  dewPointC  windChillC  \\\n",
       "0         1.0  0.758621        0.33    0.206897   0.538462         0.2   \n",
       "1         1.0  0.758621        0.33    0.206897   0.538462         0.2   \n",
       "2         1.0  0.758621        0.33    0.206897   0.538462         0.2   \n",
       "3         1.0  0.758621        0.33    0.206897   0.538462         0.2   \n",
       "4         1.0  0.758621        0.33    0.206897   0.538462         0.2   \n",
       "\n",
       "   windGustKmph  feelsLikeC  \n",
       "0      0.236111    0.206897  \n",
       "1      0.236111    0.206897  \n",
       "2      0.236111    0.206897  \n",
       "3      0.236111    0.206897  \n",
       "4      0.236111    0.206897  "
      ]
     },
     "execution_count": 2,
     "metadata": {},
     "output_type": "execute_result"
    }
   ],
   "source": [
    "# Read the dataset\n",
    "dataset = pd.read_csv(\"merged_data\\\\merged_mmda_wwo_manila_2015.csv\", skipinitialspace=True, encoding='cp1252')\n",
    "\n",
    "# Remove unused columms\n",
    "cols_to_remove = list(range(0,3))\n",
    "cols_to_remove = cols_to_remove + [6, 7, 9, 17, 19, 21, 22, 25]\n",
    "\n",
    "dataset.drop(dataset.columns[[cols_to_remove]], axis=1, inplace=True)\n",
    "dataset.head()"
   ]
  },
  {
   "cell_type": "code",
   "execution_count": 3,
   "metadata": {},
   "outputs": [
    {
     "data": {
      "text/html": [
       "<div>\n",
       "<style>\n",
       "    .dataframe thead tr:only-child th {\n",
       "        text-align: right;\n",
       "    }\n",
       "\n",
       "    .dataframe thead th {\n",
       "        text-align: left;\n",
       "    }\n",
       "\n",
       "    .dataframe tbody tr th {\n",
       "        vertical-align: top;\n",
       "    }\n",
       "</style>\n",
       "<table border=\"1\" class=\"dataframe\">\n",
       "  <thead>\n",
       "    <tr style=\"text-align: right;\">\n",
       "      <th></th>\n",
       "      <th>statusN</th>\n",
       "      <th>statusS</th>\n",
       "      <th>tempC</th>\n",
       "      <th>windspeedKmph</th>\n",
       "      <th>cond</th>\n",
       "      <th>precipMM</th>\n",
       "      <th>humidity</th>\n",
       "      <th>visibility</th>\n",
       "      <th>pressure</th>\n",
       "      <th>cloudcover</th>\n",
       "      <th>heatIndexC</th>\n",
       "      <th>dewPointC</th>\n",
       "      <th>windChillC</th>\n",
       "      <th>windGustKmph</th>\n",
       "      <th>feelsLikeC</th>\n",
       "    </tr>\n",
       "  </thead>\n",
       "  <tbody>\n",
       "    <tr>\n",
       "      <th>statusN</th>\n",
       "      <td>1.000000</td>\n",
       "      <td>0.474239</td>\n",
       "      <td>0.124881</td>\n",
       "      <td>0.088044</td>\n",
       "      <td>0.053132</td>\n",
       "      <td>0.044811</td>\n",
       "      <td>-0.099421</td>\n",
       "      <td>-0.040423</td>\n",
       "      <td>0.007720</td>\n",
       "      <td>-0.011860</td>\n",
       "      <td>0.122844</td>\n",
       "      <td>0.056732</td>\n",
       "      <td>0.124918</td>\n",
       "      <td>0.069167</td>\n",
       "      <td>0.122843</td>\n",
       "    </tr>\n",
       "    <tr>\n",
       "      <th>statusS</th>\n",
       "      <td>0.474239</td>\n",
       "      <td>1.000000</td>\n",
       "      <td>0.121794</td>\n",
       "      <td>0.089662</td>\n",
       "      <td>0.044979</td>\n",
       "      <td>0.026014</td>\n",
       "      <td>-0.116999</td>\n",
       "      <td>-0.023047</td>\n",
       "      <td>0.024391</td>\n",
       "      <td>-0.033389</td>\n",
       "      <td>0.110803</td>\n",
       "      <td>0.018801</td>\n",
       "      <td>0.121839</td>\n",
       "      <td>0.069571</td>\n",
       "      <td>0.110803</td>\n",
       "    </tr>\n",
       "    <tr>\n",
       "      <th>tempC</th>\n",
       "      <td>0.124881</td>\n",
       "      <td>0.121794</td>\n",
       "      <td>1.000000</td>\n",
       "      <td>0.026263</td>\n",
       "      <td>0.514685</td>\n",
       "      <td>0.108896</td>\n",
       "      <td>-0.811569</td>\n",
       "      <td>-0.000493</td>\n",
       "      <td>-0.306356</td>\n",
       "      <td>-0.136768</td>\n",
       "      <td>0.966049</td>\n",
       "      <td>0.303035</td>\n",
       "      <td>0.999922</td>\n",
       "      <td>-0.107989</td>\n",
       "      <td>0.966051</td>\n",
       "    </tr>\n",
       "    <tr>\n",
       "      <th>windspeedKmph</th>\n",
       "      <td>0.088044</td>\n",
       "      <td>0.089662</td>\n",
       "      <td>0.026263</td>\n",
       "      <td>1.000000</td>\n",
       "      <td>0.016637</td>\n",
       "      <td>0.074752</td>\n",
       "      <td>-0.196263</td>\n",
       "      <td>-0.111976</td>\n",
       "      <td>0.081657</td>\n",
       "      <td>0.060838</td>\n",
       "      <td>-0.043263</td>\n",
       "      <td>-0.309904</td>\n",
       "      <td>0.026792</td>\n",
       "      <td>0.967064</td>\n",
       "      <td>-0.043254</td>\n",
       "    </tr>\n",
       "    <tr>\n",
       "      <th>cond</th>\n",
       "      <td>0.053132</td>\n",
       "      <td>0.044979</td>\n",
       "      <td>0.514685</td>\n",
       "      <td>0.016637</td>\n",
       "      <td>1.000000</td>\n",
       "      <td>0.080801</td>\n",
       "      <td>-0.477903</td>\n",
       "      <td>-0.075104</td>\n",
       "      <td>-0.118561</td>\n",
       "      <td>-0.011880</td>\n",
       "      <td>0.497120</td>\n",
       "      <td>0.087256</td>\n",
       "      <td>0.514788</td>\n",
       "      <td>-0.053574</td>\n",
       "      <td>0.497126</td>\n",
       "    </tr>\n",
       "    <tr>\n",
       "      <th>precipMM</th>\n",
       "      <td>0.044811</td>\n",
       "      <td>0.026014</td>\n",
       "      <td>0.108896</td>\n",
       "      <td>0.074752</td>\n",
       "      <td>0.080801</td>\n",
       "      <td>1.000000</td>\n",
       "      <td>0.204199</td>\n",
       "      <td>-0.747312</td>\n",
       "      <td>-0.567990</td>\n",
       "      <td>0.549332</td>\n",
       "      <td>0.212356</td>\n",
       "      <td>0.528406</td>\n",
       "      <td>0.108986</td>\n",
       "      <td>0.141725</td>\n",
       "      <td>0.212368</td>\n",
       "    </tr>\n",
       "    <tr>\n",
       "      <th>humidity</th>\n",
       "      <td>-0.099421</td>\n",
       "      <td>-0.116999</td>\n",
       "      <td>-0.811569</td>\n",
       "      <td>-0.196263</td>\n",
       "      <td>-0.477903</td>\n",
       "      <td>0.204199</td>\n",
       "      <td>1.000000</td>\n",
       "      <td>-0.263124</td>\n",
       "      <td>-0.083410</td>\n",
       "      <td>0.278668</td>\n",
       "      <td>-0.686765</td>\n",
       "      <td>0.223093</td>\n",
       "      <td>-0.811675</td>\n",
       "      <td>-0.050190</td>\n",
       "      <td>-0.686766</td>\n",
       "    </tr>\n",
       "    <tr>\n",
       "      <th>visibility</th>\n",
       "      <td>-0.040423</td>\n",
       "      <td>-0.023047</td>\n",
       "      <td>-0.000493</td>\n",
       "      <td>-0.111976</td>\n",
       "      <td>-0.075104</td>\n",
       "      <td>-0.747312</td>\n",
       "      <td>-0.263124</td>\n",
       "      <td>1.000000</td>\n",
       "      <td>0.435223</td>\n",
       "      <td>-0.439615</td>\n",
       "      <td>-0.095226</td>\n",
       "      <td>-0.415907</td>\n",
       "      <td>-0.000611</td>\n",
       "      <td>-0.184340</td>\n",
       "      <td>-0.095204</td>\n",
       "    </tr>\n",
       "    <tr>\n",
       "      <th>pressure</th>\n",
       "      <td>0.007720</td>\n",
       "      <td>0.024391</td>\n",
       "      <td>-0.306356</td>\n",
       "      <td>0.081657</td>\n",
       "      <td>-0.118561</td>\n",
       "      <td>-0.567990</td>\n",
       "      <td>-0.083410</td>\n",
       "      <td>0.435223</td>\n",
       "      <td>1.000000</td>\n",
       "      <td>-0.327341</td>\n",
       "      <td>-0.425141</td>\n",
       "      <td>-0.648115</td>\n",
       "      <td>-0.306260</td>\n",
       "      <td>0.066188</td>\n",
       "      <td>-0.425132</td>\n",
       "    </tr>\n",
       "    <tr>\n",
       "      <th>cloudcover</th>\n",
       "      <td>-0.011860</td>\n",
       "      <td>-0.033389</td>\n",
       "      <td>-0.136768</td>\n",
       "      <td>0.060838</td>\n",
       "      <td>-0.011880</td>\n",
       "      <td>0.549332</td>\n",
       "      <td>0.278668</td>\n",
       "      <td>-0.439615</td>\n",
       "      <td>-0.327341</td>\n",
       "      <td>1.000000</td>\n",
       "      <td>-0.058055</td>\n",
       "      <td>0.242098</td>\n",
       "      <td>-0.136425</td>\n",
       "      <td>0.147876</td>\n",
       "      <td>-0.058055</td>\n",
       "    </tr>\n",
       "    <tr>\n",
       "      <th>heatIndexC</th>\n",
       "      <td>0.122844</td>\n",
       "      <td>0.110803</td>\n",
       "      <td>0.966049</td>\n",
       "      <td>-0.043263</td>\n",
       "      <td>0.497120</td>\n",
       "      <td>0.212356</td>\n",
       "      <td>-0.686765</td>\n",
       "      <td>-0.095226</td>\n",
       "      <td>-0.425141</td>\n",
       "      <td>-0.058055</td>\n",
       "      <td>1.000000</td>\n",
       "      <td>0.495556</td>\n",
       "      <td>0.966024</td>\n",
       "      <td>-0.164491</td>\n",
       "      <td>0.999999</td>\n",
       "    </tr>\n",
       "    <tr>\n",
       "      <th>dewPointC</th>\n",
       "      <td>0.056732</td>\n",
       "      <td>0.018801</td>\n",
       "      <td>0.303035</td>\n",
       "      <td>-0.309904</td>\n",
       "      <td>0.087256</td>\n",
       "      <td>0.528406</td>\n",
       "      <td>0.223093</td>\n",
       "      <td>-0.415907</td>\n",
       "      <td>-0.648115</td>\n",
       "      <td>0.242098</td>\n",
       "      <td>0.495556</td>\n",
       "      <td>1.000000</td>\n",
       "      <td>0.302972</td>\n",
       "      <td>-0.306458</td>\n",
       "      <td>0.495555</td>\n",
       "    </tr>\n",
       "    <tr>\n",
       "      <th>windChillC</th>\n",
       "      <td>0.124918</td>\n",
       "      <td>0.121839</td>\n",
       "      <td>0.999922</td>\n",
       "      <td>0.026792</td>\n",
       "      <td>0.514788</td>\n",
       "      <td>0.108986</td>\n",
       "      <td>-0.811675</td>\n",
       "      <td>-0.000611</td>\n",
       "      <td>-0.306260</td>\n",
       "      <td>-0.136425</td>\n",
       "      <td>0.966024</td>\n",
       "      <td>0.302972</td>\n",
       "      <td>1.000000</td>\n",
       "      <td>-0.107531</td>\n",
       "      <td>0.966026</td>\n",
       "    </tr>\n",
       "    <tr>\n",
       "      <th>windGustKmph</th>\n",
       "      <td>0.069167</td>\n",
       "      <td>0.069571</td>\n",
       "      <td>-0.107989</td>\n",
       "      <td>0.967064</td>\n",
       "      <td>-0.053574</td>\n",
       "      <td>0.141725</td>\n",
       "      <td>-0.050190</td>\n",
       "      <td>-0.184340</td>\n",
       "      <td>0.066188</td>\n",
       "      <td>0.147876</td>\n",
       "      <td>-0.164491</td>\n",
       "      <td>-0.306458</td>\n",
       "      <td>-0.107531</td>\n",
       "      <td>1.000000</td>\n",
       "      <td>-0.164488</td>\n",
       "    </tr>\n",
       "    <tr>\n",
       "      <th>feelsLikeC</th>\n",
       "      <td>0.122843</td>\n",
       "      <td>0.110803</td>\n",
       "      <td>0.966051</td>\n",
       "      <td>-0.043254</td>\n",
       "      <td>0.497126</td>\n",
       "      <td>0.212368</td>\n",
       "      <td>-0.686766</td>\n",
       "      <td>-0.095204</td>\n",
       "      <td>-0.425132</td>\n",
       "      <td>-0.058055</td>\n",
       "      <td>0.999999</td>\n",
       "      <td>0.495555</td>\n",
       "      <td>0.966026</td>\n",
       "      <td>-0.164488</td>\n",
       "      <td>1.000000</td>\n",
       "    </tr>\n",
       "  </tbody>\n",
       "</table>\n",
       "</div>"
      ],
      "text/plain": [
       "                statusN   statusS     tempC  windspeedKmph      cond  \\\n",
       "statusN        1.000000  0.474239  0.124881       0.088044  0.053132   \n",
       "statusS        0.474239  1.000000  0.121794       0.089662  0.044979   \n",
       "tempC          0.124881  0.121794  1.000000       0.026263  0.514685   \n",
       "windspeedKmph  0.088044  0.089662  0.026263       1.000000  0.016637   \n",
       "cond           0.053132  0.044979  0.514685       0.016637  1.000000   \n",
       "precipMM       0.044811  0.026014  0.108896       0.074752  0.080801   \n",
       "humidity      -0.099421 -0.116999 -0.811569      -0.196263 -0.477903   \n",
       "visibility    -0.040423 -0.023047 -0.000493      -0.111976 -0.075104   \n",
       "pressure       0.007720  0.024391 -0.306356       0.081657 -0.118561   \n",
       "cloudcover    -0.011860 -0.033389 -0.136768       0.060838 -0.011880   \n",
       "heatIndexC     0.122844  0.110803  0.966049      -0.043263  0.497120   \n",
       "dewPointC      0.056732  0.018801  0.303035      -0.309904  0.087256   \n",
       "windChillC     0.124918  0.121839  0.999922       0.026792  0.514788   \n",
       "windGustKmph   0.069167  0.069571 -0.107989       0.967064 -0.053574   \n",
       "feelsLikeC     0.122843  0.110803  0.966051      -0.043254  0.497126   \n",
       "\n",
       "               precipMM  humidity  visibility  pressure  cloudcover  \\\n",
       "statusN        0.044811 -0.099421   -0.040423  0.007720   -0.011860   \n",
       "statusS        0.026014 -0.116999   -0.023047  0.024391   -0.033389   \n",
       "tempC          0.108896 -0.811569   -0.000493 -0.306356   -0.136768   \n",
       "windspeedKmph  0.074752 -0.196263   -0.111976  0.081657    0.060838   \n",
       "cond           0.080801 -0.477903   -0.075104 -0.118561   -0.011880   \n",
       "precipMM       1.000000  0.204199   -0.747312 -0.567990    0.549332   \n",
       "humidity       0.204199  1.000000   -0.263124 -0.083410    0.278668   \n",
       "visibility    -0.747312 -0.263124    1.000000  0.435223   -0.439615   \n",
       "pressure      -0.567990 -0.083410    0.435223  1.000000   -0.327341   \n",
       "cloudcover     0.549332  0.278668   -0.439615 -0.327341    1.000000   \n",
       "heatIndexC     0.212356 -0.686765   -0.095226 -0.425141   -0.058055   \n",
       "dewPointC      0.528406  0.223093   -0.415907 -0.648115    0.242098   \n",
       "windChillC     0.108986 -0.811675   -0.000611 -0.306260   -0.136425   \n",
       "windGustKmph   0.141725 -0.050190   -0.184340  0.066188    0.147876   \n",
       "feelsLikeC     0.212368 -0.686766   -0.095204 -0.425132   -0.058055   \n",
       "\n",
       "               heatIndexC  dewPointC  windChillC  windGustKmph  feelsLikeC  \n",
       "statusN          0.122844   0.056732    0.124918      0.069167    0.122843  \n",
       "statusS          0.110803   0.018801    0.121839      0.069571    0.110803  \n",
       "tempC            0.966049   0.303035    0.999922     -0.107989    0.966051  \n",
       "windspeedKmph   -0.043263  -0.309904    0.026792      0.967064   -0.043254  \n",
       "cond             0.497120   0.087256    0.514788     -0.053574    0.497126  \n",
       "precipMM         0.212356   0.528406    0.108986      0.141725    0.212368  \n",
       "humidity        -0.686765   0.223093   -0.811675     -0.050190   -0.686766  \n",
       "visibility      -0.095226  -0.415907   -0.000611     -0.184340   -0.095204  \n",
       "pressure        -0.425141  -0.648115   -0.306260      0.066188   -0.425132  \n",
       "cloudcover      -0.058055   0.242098   -0.136425      0.147876   -0.058055  \n",
       "heatIndexC       1.000000   0.495556    0.966024     -0.164491    0.999999  \n",
       "dewPointC        0.495556   1.000000    0.302972     -0.306458    0.495555  \n",
       "windChillC       0.966024   0.302972    1.000000     -0.107531    0.966026  \n",
       "windGustKmph    -0.164491  -0.306458   -0.107531      1.000000   -0.164488  \n",
       "feelsLikeC       0.999999   0.495555    0.966026     -0.164488    1.000000  "
      ]
     },
     "execution_count": 3,
     "metadata": {},
     "output_type": "execute_result"
    }
   ],
   "source": [
    "# Correlate\n",
    "corr = dataset.corr(method='spearman')\n",
    "corr"
   ]
  },
  {
   "cell_type": "code",
   "execution_count": null,
   "metadata": {
    "collapsed": true
   },
   "outputs": [],
   "source": []
  }
 ],
 "metadata": {
  "kernelspec": {
   "display_name": "Python 3",
   "language": "python",
   "name": "python3"
  },
  "language_info": {
   "codemirror_mode": {
    "name": "ipython",
    "version": 3
   },
   "file_extension": ".py",
   "mimetype": "text/x-python",
   "name": "python",
   "nbconvert_exporter": "python",
   "pygments_lexer": "ipython3",
   "version": "3.6.3"
  }
 },
 "nbformat": 4,
 "nbformat_minor": 2
}
